Welcome to the ASEN 5010 Capstone Project
Attitude Dynamics and Control of a Nano-Satellite Orbiting Mars


BEGIN TASK 1
rLMO =  [-669.28554405 3227.49815465 1883.18109548]
vLMO =  [-3.25596544 -0.79778714  0.21011571]
rGMO =  [ -5399.1494993 -19697.6427606      0.       ]
vGMO =  [ 1.39656878 -0.38280132  0.        ]


BEGIN TASK 2
HN(t = 300s) =  [[-0.04647748  0.87414791  0.48343073]
 [-0.98417244 -0.1229222   0.12765082]
 [ 0.17101007 -0.46984631  0.8660254 ]]


BEGIN TASK 3
RsN(t = 0s) =  [[-1  0  0]
 [ 0  0  1]
 [ 0  1  0]]
N_ω_Rn/N =  [0 0 0]


BEGIN TASK 4
RnN(t = 330s) =  [[ 0.07258183 -0.87057753 -0.48664838]
 [-0.9825922  -0.14607948  0.11477522]
 [-0.17101007  0.46984631 -0.8660254 ]]
N_ω_Rn/N(t = 330s) =  [ 0.00015131 -0.00041572  0.00076626]


BEGIN TASK 5
RcN =  [[ 0.26547536  0.96092817  0.07835742]
 [-0.96389182  0.26629413  0.        ]
 [-0.02086612 -0.07552807  0.99692533]]
Numerical ω =  [ 1.97829238e-05 -5.46542207e-06  1.91299934e-04]
Analytical ω =  [ 1.97829209e-05 -5.46542216e-06  1.91300087e-04]


BEGIN TASK 6
Sun-Pointing Orientation
σ_B/R =  [-0.77542077 -0.47386825  0.04307893]
ω_B/R =  [ 0.01745329  0.03054326 -0.03839724]
Nadir-Pointing Orientation
σ_B/R =  [0.26226523 0.55470457 0.03942405]
ω_B/R =  [ 0.01684883  0.03092879 -0.03891576]
GMO-Pointing Orientation
σ_B/R =  [ 0.01697198 -0.38280275  0.2076131 ]
ω_B/R =  [ 0.01729709  0.03065744 -0.03843687]


BEGIN TASK 7
